##BLOCKS= 1          
Plate:	Plate#1	1.3	PlateFormat	Endpoint	Absorbance	Raw	FALSE	1						1	450	1	12	96	1	8	None	
	Temperature(¡C)	1	2	3	4	5	6	7	8	9	10	11	12		
	27.60	0.0602	0.0614	1.9891	2.1723	2.5887	2.8214	1.2459	1.448	2.9775	3.1386	1.4335	1.853		
		0.0598	0.0649	1.8082	1.7893	2.3488	2.3806	1.1902	1.2293	3.0736	3.3023	1.4445	1.8378		
		0.0913	0.0851	1.8503	1.8329	1.6559	1.6604	2.2684	2.4955	1.5287	1.4449	1.6892	1.696		
		0.0979	0.0964	1.7215	1.675	1.2098	1.1608	1.646	1.5933	1.5394	1.6764	3.2199	3.3413		
		0.1408	0.1447	2.5481	2.5791	2.8296	3.0958	1.973	2.3451	1.5426	1.5113	3.2731	3.427		
		0.373	0.3336	2.1894	2.3848	2.4301	2.669	2.1148	2.4622	2.2446	2.6634	3.4062	3.522		
		1.138	1.0891	2.4067	2.3812	2.4371	2.3701	2.1575	2.3761	1.8615	1.8342	1.2245	1.188		
		3.1249	3.0969	2.3253	2.7019	1.2357	1.2528	3.0439	3.1182	2.2805	2.7515	1.6746	2.0214		
		
~End
